32	0.000376300999	0.000065536000	0.174158453380
64	0.000388895001	0.000524288000	1.348147952895
96	0.000463902998	0.001769472000	3.814314650322
128	0.000422731999	0.004194304000	9.921898538391
160	0.000519302001	0.008192000000	15.775021067412
192	0.000586678998	0.014155776000	24.128656471186
224	0.000601618001	0.022478848000	37.363988358600
256	0.000734560999	0.033554432000	45.679571926203
288	0.001042989999	0.047775744000	45.806521661042
320	0.001253684000	0.065536000000	52.274735881550
352	0.001681096001	0.087228416000	51.887825544793
384	0.001895080000	0.113246208000	59.758009148109
416	0.002261523998	0.143982592000	63.666179153722
448	0.002383447001	0.179830784000	75.449877387648
480	0.002933943000	0.221184000000	75.387967653640
512	0.003350676001	0.268435456000	80.113820590405
544	0.003988420998	0.321978368000	80.728280225269
576	0.004388343001	0.382205952000	87.095733385974
608	0.005150408997	0.449511424000	87.276840395029
640	0.006406973000	0.524288000000	81.830842743651
672	0.006552032999	0.606928896000	92.632148844537
704	0.008397305002	0.697827328000	83.101343563162
736	0.007876971998	0.797376512000	101.228811293652
768	0.009561508999	0.905969664000	94.751745153448
800	0.010189965000	1.024000000000	100.491022296144
832	0.011461005000	1.151860736000	100.502594314739
864	0.011972344000	1.289945088000	107.743737397953
896	0.012939169999	1.438646272000	111.185359808852
928	0.015235260998	1.598357504000	104.911724463560
960	0.016297837999	1.769472000000	108.570965060531
992	0.017067167999	1.952382976000	114.394079681264
1024	0.019133632002	2.147483648000	112.236069333500
1056	0.020397220003	2.355167232000	115.465109049762
1088	0.021338652001	2.575826944000	120.711793036290
1120	0.023738743999	2.809856000000	118.365824244361
1152	0.025878109001	3.057647616000	118.155759210350
1184	0.028760399000	3.319595008000	115.422425398118
1216	0.029818036001	3.596091392000	120.601215718532
1248	0.033620296002	3.887529984000	115.630450835799
1280	0.034556645001	4.194304000000	121.374745720437
1312	0.037694152001	4.516806656000	119.827782726297
1344	0.037599043000	4.855431168000	129.137094472607
1376	0.039974150000	5.210570752000	130.348506520745
1408	0.042525576002	5.582618624000	131.276731530830
1440	0.045544629000	5.971968000000	131.123430603180
1472	0.047580672999	6.379012096000	134.067294426682
1504	0.054406854000	6.804144128000	125.060422129299
1536	0.056027243001	7.247757312000	129.361305746398
1568	0.061176307001	7.710244864000	126.033185753976
1600	0.062929336997	8.192000000000	130.177757957980
1632	0.068493229999	8.693415936000	126.923725689503
1664	0.071082023002	9.214885888000	129.637361162391
1696	0.075831168000	9.756803072000	128.664813286019
1728	0.078371645999	10.319560704000	131.674671017030
1760	0.080599438999	10.903552000000	135.280743084191
1792	0.081803182999	11.509170176000	140.693427249685
1824	0.093149880002	12.136808448000	130.293334223896
1856	0.094790304000	12.786860032000	134.896286776881
1888	0.100616383999	13.459718144000	133.772628363332
1920	0.103604256998	14.155776000000	136.633150125503
1952	0.112518391001	14.875426816000	132.204403952927
1984	0.113077540002	15.619063808000	138.127021579946
2016	0.121447007998	16.387080192000	134.931938317654
2048	0.125593403001	17.179869184000	136.789582680613
2080	0.134930913002	17.997824000000	133.385475571110
2112	0.137890849997	18.841337856000	136.639507671194
2144	0.138734835000	19.710803968000	142.075376872802
2176	0.143415543000	20.606615552000	143.684674066606
2208	0.148459739001	21.529165824000	145.016864295309
2240	0.152411240000	22.478848000000	147.488124891364
2272	0.160759312999	23.456055296000	145.907909522503
2304	0.165105561999	24.461180928000	148.154796433817
2336	0.173114563000	25.494618112000	147.270210374972
2368	0.177958061002	26.556760064000	149.230441793387
2400	0.186334324000	27.648000000000	148.378459783772
2432	0.193139645999	28.768731136000	148.953007484588
2464	0.201222585001	29.919346688000	148.687815971635
2496	0.207389998999	31.100239872000	149.960171763779
2528	0.220455066999	32.311803904000	146.568660651764
2560	0.222594841001	33.554432000000	150.742181845030
2592	0.236643353997	34.828517376000	147.177247058414
2624	0.240706606000	36.134453248000	150.118244980494
2656	0.255546444001	37.472632832000	146.637269708363
2688	0.252641974002	38.843449344000	153.748993995827
2720	0.276802142998	40.247296000000	145.400955223963
2752	0.274319897999	41.684566016000	151.956042270704
2784	0.289570490997	43.155652608000	149.033323317631
2816	0.291531221003	44.660948992000	153.194394886490
2848	0.304716300001	46.200848384000	151.619222154658
2880	0.310288780998	47.775744000000	153.971870482394
2912	0.320896282003	49.386029056000	153.900284377842
2944	0.330099552000	51.032096768000	154.596080057541
2976	0.344911990003	52.714340352000	152.834177644836
3008	0.351951361998	54.433153024000	154.661009734538
3040	0.364578534998	56.188928000000	154.120230913446
3072	0.377248988003	57.982058496000	153.697055101292
3104	0.389024125998	59.812937728000	153.751229630254
3136	0.394400056000	61.681958912000	156.394396941794
3168	0.412224917003	63.589515264000	154.259271191771
3200	0.417584559000	65.536000000000	156.940668871883
3232	0.434862788999	67.521806336000	155.271520222175
3264	0.440854477998	69.547327488000	157.755746984392
3296	0.460631474998	71.612956672000	155.466919997810
3328	0.464830459001	73.719087104000	158.593495061496
3360	0.477528427000	75.866112000000	158.872451796492
3392	0.488170576002	78.054424576000	159.891702640687
3424	0.513126256003	80.284418048000	156.461333071205
3456	0.517816263000	82.556485632000	159.432006159301
3488	0.540047384999	84.871020544000	157.154766232629
3520	0.549059785997	87.228416000000	158.868702871025
3552	0.563244776000	89.629065216000	159.129865087311
3584	0.568482048002	92.073361408000	161.963533820672
3616	0.596800801002	94.561697792000	158.447672377779
3648	0.602083874001	97.094467584000	161.264022799446
3680	0.631500961001	99.672064000000	157.833590374992
3712	0.637698942002	102.294880256000	160.412497996003
3744	0.661170831001	104.963309568000	158.753690644634
3776	0.666993535000	107.677745152000	161.437464535527
3808	0.687739104000	110.438580224000	160.582086407052
3840	0.725068313001	113.246208000000	156.186949518395
3872	0.726562622000	116.101021696000	159.794927760626
3904	0.736574371000	119.003414528000	161.563338629988
3936	0.766717425999	121.953779712000	159.059616459291
3968	0.766937646000	124.952510464000	162.923949705323
4000	0.794743174003	128.000000000000	161.058319450885
4032	0.805575896000	131.096641536000	162.736549326955
4064	0.828524007000	134.242828288000	162.026479804839
4096	0.840132525002	137.438953472000	163.591992194028
4128	0.878417653999	140.685410304000	160.157767393987
4160	0.879936036999	143.982592000000	163.628475191196
4192	0.948088383000	147.330891776000	155.397845198551
4224	0.945696549999	150.730702848000	159.385907507111
4256	0.954863758998	154.182418432000	161.470594081215
4288	0.966501313000	157.686431744000	163.151802923666
4320	0.998750724000	161.243136000000	161.444825145334
4352	1.011024356001	164.852924416000	163.055344253065
4384	1.040017247997	168.516190208000	162.032111037191
4416	1.053923586001	172.233326592000	163.421076138398
4448	1.078078795999	176.004726784000	163.257757630650
4480	1.096275997999	179.830784000000	164.037873973512
4512	1.138530318000	183.711891456000	161.358804901034
4544	1.143229573001	187.648442368000	164.138898082751
4576	1.170582182003	191.640829952000	163.714118409043
4608	1.180286012001	195.689447424000	165.798328061439
4640	1.226029165002	199.794688000000	162.960795471536
4672	1.225078289001	203.956944896000	166.484825277900
4704	1.265127146999	208.176611328000	164.549952012243
4736	1.279126139998	212.454080512000	166.093142707831
4768	1.320900071001	216.789745664000	164.122745106429
4800	1.329520896998	221.184000000000	166.363688227463
4832	1.376019601998	225.637236736000	163.978213979253
4864	1.376719725999	230.149849088000	167.172623985662
4896	1.420626226001	234.722230272000	165.224480567755
4928	1.433955172997	239.354773504000	166.919285910245
4960	1.475165690001	244.047872000000	165.437600436518
4992	1.484616152000	248.801918976000	167.586698178405
5024	1.523829884998	253.617307648000	166.434134246102
5056	1.535152727000	258.494431232000	168.383527375307
5088	1.578388903003	263.433682944000	166.900364316335
5120	1.597170368001	268.435456000000	168.069394084757
5152	1.644625433000	273.500143616000	166.299351893791
5184	1.651268304999	278.628139008000	168.735836668424
5216	1.710521401001	283.819835392000	165.925918977659
5248	1.719002438000	289.075625984000	168.164756252687
5280	1.766052548999	294.395904000000	166.697137164373
5312	1.783773120002	299.781062656000	168.060085273477
5344	1.823998468000	305.231495168000	167.341969043770
5376	1.835193361003	310.747594752000	169.326895658659
5408	1.893461291998	316.329754624000	167.064283785881
5440	1.900065531998	321.978368000000	169.456454305266
5472	1.954866602002	327.693828096000	167.629764486451
5504	1.969177327999	333.476528128000	169.348145231202
5536	2.022547774999	339.326861312000	167.771988136176
5568	2.033129661999	345.245220864000	169.809740774024
5600	2.091057284000	351.232000000000	167.968616970684
5632	2.104884512002	357.287591936000	169.742135446731
5664	2.170130646002	363.412389888000	167.461065331503
5696	2.168072850000	369.606787072000	170.477106925660
5728	2.216438192998	375.871176704000	169.583423481621
5760	2.240474116999	382.205952000000	170.591549842083
5792	2.309650063002	388.611506176000	168.255577934147
5824	2.313014879001	395.088232448000	170.810934263733
5856	2.383171670001	401.636524032000	168.530252808813
5888	2.385750206999	408.256774144000	171.123017383116
5920	2.456101177999	414.949376000000	168.946369032768
5952	2.471616281000	421.714722816000	170.623055875556
5984	2.520872756999	428.553207808000	170.001919620171
6016	2.535335271001	435.465224192000	171.758437305258
6048	2.585579813000	442.451165184000	171.122609698400
6080	2.618047749002	449.511424000000	171.697183205092
6112	2.690231585999	456.646393856000	169.742410368159
6144	2.699296367999	463.856467968000	171.843475013426
6176	2.763837053000	471.142039552000	170.466648545921
6208	2.778632680001	478.503501824000	172.208261015539
6240	2.840458607003	485.941248000000	171.078447262696
6272	2.860853618000	493.455671296000	172.485466642287
6304	2.935712733000	501.047164928000	170.673090488630
6336	2.942358192999	508.716122112000	172.894015189072
6368	3.014504276001	516.462936064000	171.325992195661
6400	3.031146837002	524.288000000000	172.966876299063
6432	3.090148579999	532.191707136000	172.222044784731
6464	3.122508577999	540.174450688000	172.993744354801
6496	3.190079257998	548.236623872000	171.856740705568
6528	3.212245285002	556.378619904000	173.205521540272
6560	3.305371342998	564.600832000000	170.813132145051
6592	3.330324488001	572.903653376000	172.026376240569
6624	3.437198709002	581.287477248000	169.116634346937
6656	3.429081097001	589.752696832000	171.985637011532
6688	3.497810298999	598.299705344000	171.049786638008
6720	3.520137837000	606.928896000000	172.416230302280
6752	3.591476271999	615.640662016000	171.417159794687
6784	3.667668423997	624.435396608000	170.254048191038
6816	3.937574262000	633.313492992000	160.838488585202
6848	3.694661785998	642.275344384000	173.838738587158
6880	3.791141884998	651.321344000000	171.800835673638
6912	3.862587301999	660.451885056000	170.986914577742
6944	3.904346125000	669.667360768000	171.518441072626
6976	3.893474914999	678.968164352000	174.386166387335
7008	3.984718522999	688.354689024000	172.748635832349
7040	4.002042856002	697.827328000000	174.367779933555
7072	4.087830117001	707.386474496000	173.046935476588
7104	4.109994341998	717.032521728000	174.460707743818
7136	4.189588630001	726.765862912000	173.469504310704
7168	4.264209180998	736.586891264000	172.737044548946
7200	4.445504407002	746.496000000000	167.921552124487
7232	4.345462042998	756.493582336000	174.088180923107
7264	4.417444010000	766.580031488000	173.534747639749
7296	4.443627748999	776.755740672000	174.802162680494
7328	4.534842188001	787.021103104000	173.549832712253
7360	4.548473300001	797.376512000000	175.306407097034
7392	4.648960598002	807.822360576000	173.764079851124
7424	4.670090766998	818.359042048000	175.234076354793
7456	4.764400283002	828.986949632000	173.996075138686
7488	4.797296098001	839.706476544000	175.037450136544
7520	4.897203085999	850.518016000000	173.674238348758
7552	4.914463877998	861.421961216000	175.282997820488
7584	5.027079873998	872.418705408000	173.543832060519
7616	5.133601756002	883.508641792000	172.103073784202
7648	5.136269899001	894.692163584000	174.191033800216
7680	5.156874497003	905.969664000000	175.681929922198
7712	5.273596577998	917.341536256000	173.949888408857
7744	5.288684562998	928.808173568000	175.621775604905
7776	5.393799145000	940.369969152000	174.342785830962
7808	5.413818003999	952.027316224000	175.851370607723
7840	5.528921515001	963.780608000000	174.316203510063
7872	5.541525065000	975.630237696000	176.058075394800
7904	5.653269727998	987.576598528000	174.691222256206
7936	5.673823770001	999.620083712000	176.181024337987
7968	5.790900657998	1011.761086464000	174.715669671643
8000	5.823044387002	1024.000000000000	175.853030123867
8032	5.937857672001	1036.337217536000	174.530491430046
8064	5.960866410001	1048.773132288000	175.943069371310
8096	6.061501038002	1061.308137472000	175.089986922076
8128	6.100159008998	1073.942626304000	176.051579101440
8160	6.206174404000	1086.676992000000	175.096109335822
8192	6.233127586002	1099.511627776000	176.398062225665
