32	0.000114291000	0.000065536000	0.573413481681
64	0.000113966000	0.000524288000	4.600389596160
96	0.000165036000	0.001769472000	10.721733440074
128	0.000167850000	0.004194304000	24.988406277549
160	0.000200566001	0.008192000000	40.844410158869
192	0.000270371000	0.014155776000	52.356857854299
224	0.000337074000	0.022478848000	66.688169439152
256	0.000438727000	0.033554432000	76.481347157538
288	0.000555133000	0.047775744000	86.061797868575
320	0.000793362001	0.065536000000	82.605418368345
352	0.000956640000	0.087228416000	91.182070545311
384	0.001281114000	0.113246208000	88.396667307305
416	0.001465306000	0.143982592000	98.261108616450
448	0.001709722000	0.179830784000	105.181300834461
480	0.002009138000	0.221184000000	110.089003334085
512	0.002381216001	0.268435456000	112.730409976550
544	0.002797083999	0.321978368000	115.112155405660
576	0.003188220000	0.382205952000	119.880670715938
608	0.003672442000	0.449511424000	122.401231670116
640	0.004174245000	0.524288000000	125.600677479188
672	0.004737885000	0.606928896000	128.101229968515
704	0.005270167000	0.697827328000	132.410856805579
736	0.006062820001	0.797376512000	131.519080542369
768	0.006731613001	0.905969664000	134.584335715767
800	0.007611423001	1.024000000000	134.534633002165
832	0.008468889000	1.151860736000	136.010843450745
864	0.009170978001	1.289945088000	140.655128371482
896	0.009786449999	1.438646272000	147.003895394826
928	0.010710310000	1.598357504000	149.235409993886
960	0.011736754000	1.769472000000	150.763320083859
992	0.012784973999	1.952382976000	152.709186277034
1024	0.013998312000	2.147483648000	153.410186030499
1056	0.015248455000	2.355167232000	154.452843387525
1088	0.016510639000	2.575826944000	156.010130442113
1120	0.017816975999	2.809856000000	157.706672564166
1152	0.019403605000	3.057647616000	157.581419331050
1184	0.020814144000	3.319595008000	159.487462373163
1216	0.022385424000	3.596091392000	160.644327842777
1248	0.024038623000	3.887529984000	161.720161093790
1280	0.025814569000	4.194304000000	162.478172696887
1312	0.027671459000	4.516806656000	163.229797749515
1344	0.029474061000	4.855431168000	164.735737231521
1376	0.031586045000	5.210570752000	164.964330038579
1408	0.033513763000	5.582618624000	166.576896303898
1440	0.035645434000	5.971968000000	167.538091976060
1472	0.037969758000	6.379012096000	168.002442785537
1504	0.040236176999	6.804144128000	169.105134618427
1536	0.042747030000	7.247757312000	169.549961996961
1568	0.046013671000	7.710244864000	167.564219425663
1600	0.047845046000	8.192000000000	171.219398554213
1632	0.050577145001	8.693415936000	171.884275711429
1664	0.053560253000	9.214885888000	172.047094102029
1696	0.056323867000	9.756803072000	173.226796945066
1728	0.059440881000	10.319560704000	173.610493827648
1760	0.062499455000	10.903552000000	174.458353277254
1792	0.065787371000	11.509170176000	174.944978057413
1824	0.069131270000	12.136808448000	175.561774693096
1856	0.072717682000	12.786860032000	175.842514231777
1888	0.076186082000	13.459718144000	176.668989802509
1920	0.079965223999	14.155776000000	177.024152400482
1952	0.083684043000	14.875426816000	177.757028493099
1984	0.087845946000	15.619063808000	177.800621647323
2016	0.091764446001	16.387080192000	178.577661678536
2048	0.095916565000	17.179869184000	179.112640073930
2080	0.100336964000	17.997824000000	179.373814818215
2112	0.104698634000	18.841337856000	179.957819278169
2144	0.109341599001	19.710803968000	180.268115229007
2176	0.113947081000	20.606615552000	180.843733521702
2208	0.118802495000	21.529165824000	181.218128660088
2240	0.123887090000	22.478848000000	181.446250776047
2272	0.128837355001	23.456055296000	182.059429083292
2304	0.134316048000	24.461180928000	182.116592114046
2336	0.139475872000	25.494618112000	182.788734326986
2368	0.145099146000	26.556760064000	183.024923275987
2400	0.150598197000	27.648000000000	183.587855304359
2432	0.157463763000	28.768731136000	182.700645455662
2464	0.163305017000	29.919346688000	183.211436106356
2496	0.169592249999	31.100239872000	183.382435648538
2528	0.175736384001	32.311803904000	183.865191535319
2560	0.182251862000	33.554432000000	184.110228733746
2592	0.188864987000	34.828517376000	184.409603544166
2624	0.195568663000	36.134453248000	184.766069848408
2656	0.202596214001	37.472632832000	184.962157446329
2688	0.209705109000	38.843449344000	185.228912777330
2720	0.216920233000	40.247296000000	185.539612619096
2752	0.224255337000	41.684566016000	185.879928539025
2784	0.232065286999	43.155652608000	185.963412132871
2816	0.239794442999	44.660948992000	186.246805527918
2848	0.247538453000	46.200848384000	186.641096864377
2880	0.255658764000	47.775744000000	186.873093073284
2912	0.263968888000	49.386029056000	187.090340191974
2944	0.272448488000	51.032096768000	187.309157568158
2976	0.281032790000	52.714340352000	187.573629226883
3008	0.290609047001	54.433153024000	187.307152292124
3040	0.301852787000	56.188928000000	186.146792144793
3072	0.317185593000	57.982058496000	182.801677553140
3104	0.335091998000	59.812937728000	178.497063746506
3136	0.326968419000	61.681958912000	188.648063016771
3168	0.339000015000	63.589515264000	187.579682744130
3200	0.352551087000	65.536000000000	185.890789779148
3232	0.360896852000	67.521806336000	187.094473010139
3264	0.405280790000	69.547327488000	171.602822546901
3296	0.377037181001	71.612956672000	189.936060104093
3328	0.387496804000	73.719087104000	190.244374516200
3360	0.399417225000	75.866112000000	189.942013642295
3392	0.430522780001	78.054424576000	181.301497160984
3424	0.442521745000	80.284418048000	181.424797662852
3456	0.434913033000	82.556485632000	189.822974635874
3488	0.448157474000	84.871020544000	189.377675187342
3520	0.457201710000	87.228416000000	190.787597885433
3552	0.475649440999	89.629065216000	188.435132032694
3584	0.483294072000	92.073361408000	190.512085172103
3616	0.498546143999	94.561697792000	189.674915612532
3648	0.500558631999	97.094467584000	193.972216993182
3680	0.513088930000	99.672064000000	194.258847096985
3712	0.526296886001	102.294880256000	194.367253497062
3744	0.539489862000	104.963309568000	194.560300315797
3776	0.552877499001	107.677745152000	194.758776305094
3808	0.570637839000	110.438580224000	193.535326044305
3840	0.580689908000	113.246208000000	195.020107013865
3872	0.594749428999	116.101021696000	195.209975890726
3904	0.609023042000	119.003414528000	195.400512494752
3936	0.628333290000	121.953779712000	194.090909478878
3968	0.638362096000	124.952510464000	195.739238352400
4000	0.653354477000	128.000000000000	195.912027093986
4032	0.668780771000	131.096641536000	196.023341610234
4064	0.684226636999	134.242828288000	196.196437011998
4096	0.701039565000	137.438953472000	196.050209337463
4128	0.717124524000	140.685410304000	196.179890096826
4160	0.749709289000	143.982592000000	192.051231207342
4192	0.750108089001	147.330891776000	196.412882271799
4224	0.767280647000	150.730702848000	196.447940447009
4256	0.783991222999	154.182418432000	196.663449677609
4288	0.801122587000	157.686431744000	196.831838601110
4320	0.818633542000	161.243136000000	196.966197605523
4352	0.836372366000	164.852924416000	197.104700152079
4384	0.854701817000	168.516190208000	197.163720558651
4416	0.872907772000	172.233326592000	197.309878679838
4448	0.891328640000	176.004726784000	197.463336064191
4480	0.910197235000	179.830784000000	197.573423742615
4512	0.929283957000	183.711891456000	197.691878862420
4544	0.948494983000	187.648442368000	197.838096912681
4576	0.986863677000	191.640829952000	194.191796109696
4608	0.987309708000	195.689447424000	198.204723237688
4640	1.007209706000	199.794688000000	198.364538000165
4672	1.028117230000	203.956944896000	198.379074822016
4704	1.062757114000	208.176611328000	195.883526523202
4736	1.069536314000	212.454080512000	198.641296916210
4768	1.090393505000	216.789745664000	198.817898923551
4800	1.112153154000	221.184000000000	198.879083518703
4832	1.160600610000	225.637236736000	194.414197952201
4864	1.162562975000	230.149849088000	197.967640495402
4896	1.178569729000	234.722230272000	199.158543187101
4928	1.229650980000	239.354773504000	194.652610697734
4960	1.224115804000	244.047872000000	199.366654039267
4992	1.247867816001	248.801918976000	199.381629837546
5024	1.286175705000	253.617307648000	197.187139099249
5056	1.294811651001	258.494431232000	199.638635497481
5088	1.319967591000	263.433682944000	199.575871968508
5120	1.343608370001	268.435456000000	199.786978105716
5152	1.376717334000	273.500143616000	198.661073599847
5184	1.410034674999	278.628139008000	197.603749714987
5216	1.420779284000	283.819835392000	199.763494997614
5248	1.444194450000	289.075625984000	200.163922513288
5280	1.470063152000	294.395904000000	200.260719139505
5312	1.496295503001	299.781062656000	200.348836212400
5344	1.549107041999	305.231495168000	197.037058700636
5376	1.559647461000	310.747594752000	199.242202178641
5408	1.609655084000	316.329754624000	196.520209682360
5440	1.610429239000	321.978368000000	199.933260153625
5472	1.638389849000	327.693828096000	200.009679195674
5504	1.688662088000	333.476528128000	197.479726996802
5536	1.690156331000	339.326861312000	200.766553417685
5568	1.719405913000	345.245220864000	200.793319514458
5600	1.763007992000	351.232000000000	199.223146800121
5632	1.777820068000	357.287591936000	200.969489751589
5664	1.816758471000	363.412389888000	200.033408782167
5696	1.906081482000	369.606787072000	193.909227156581
5728	1.906314426000	375.871176704000	197.171658346367
5760	1.985379287000	382.205952000000	192.510294885544
5792	1.977080318999	388.611506176000	196.558279621469
5824	1.997126897000	395.088232448000	197.828306774813
5856	2.030034275000	401.636524032000	197.847163950992
5888	2.025791466000	408.256774144000	201.529516238998
5920	2.057947453000	414.949376000000	201.632639062380
5952	2.090858795001	421.714722816000	201.694501715912
5984	2.124375881001	428.553207808000	201.731346905594
6016	2.157474557000	435.465224192000	201.840259380667
6048	2.191406888000	442.451165184000	201.902790215231
6080	2.226238881000	449.511424000000	201.915179829219
6112	2.321528662000	456.646393856000	196.700734878132
6144	2.314634769000	463.856467968000	200.401581355499
6176	2.367067263000	471.142039552000	199.040410433860
6208	2.378614044000	478.503501824000	201.169039185263
6240	2.413994564000	485.941248000000	201.301715938748
6272	2.454702683000	493.455671296000	201.024618872786
6304	2.493265818000	501.047164928000	200.960186960731
6336	2.512266746000	508.716122112000	202.492877367408
6368	2.577774951000	516.462936064000	200.352220764534
6400	2.587571649000	524.288000000000	202.617771068338
6432	2.648516302000	532.191707136000	200.939562552126
6464	2.664520480000	540.174450688000	202.728579022989
6496	2.704634561000	548.236623872000	202.702661489824
6528	2.743144969000	556.378619904000	202.825088061888
6560	2.794607963000	564.600832000000	202.032213274697
6592	2.831317680000	572.903653376000	202.345239258336
6624	2.865329682000	581.287477248000	202.869317586592
6656	2.987640175001	589.752696832000	197.397498456072
6688	2.975885358000	598.299705344000	201.049312513222
6720	3.016077305000	606.928896000000	201.231213468503
6752	3.055088635000	615.640662016000	201.513191782066
6784	3.107513974000	624.435396608000	200.943713152253
6816	3.143318818000	633.313492992000	201.479242056324
6848	3.170039183000	642.275344384000	202.608014383022
6880	3.224685407999	651.321344000000	201.979809374357
6912	3.256319533000	660.451885056000	202.821583804297
6944	3.367850846000	669.667360768000	198.841157577809
6976	3.345970978000	678.968164352000	202.921115818479
7008	3.384522284000	688.354689024000	203.383116216468
7040	3.435863547999	697.827328000000	203.101001611758
7072	3.482640199000	707.386474496000	203.117874392838
7104	3.528505829000	717.032521728000	203.211375147761
7136	3.574673135000	726.765862912000	203.309739230744
7168	3.621356696000	736.586891264000	203.400811656496
7200	3.670260057000	746.496000000000	203.390492337545
7232	3.717962338000	756.493582336000	203.469942286447
7264	3.766872069999	766.580031488000	203.505724973591
7296	3.816486304000	776.755740672000	203.526405913698
7328	3.863771912000	787.021103104000	203.692433463722
7360	3.914235168000	797.376512000000	203.711958473710
7392	3.963314205001	807.822360576000	203.824960321527
7424	4.013477257000	818.359042048000	203.902748077290
7456	4.065465353000	828.986949632000	203.909485791157
7488	4.118205970000	839.706476544000	203.901039108035
7520	4.171339150000	850.518016000000	203.895676044478
7552	4.223368610999	861.421961216000	203.965611472440
7584	4.275150724000	872.418705408000	204.067356154341
7616	4.328403650000	883.508641792000	204.118819138325
7648	4.382981499000	894.692163584000	204.128665336153
7680	4.444813432000	905.969664000000	203.826252296115
7712	4.610620186000	917.341536256000	198.962720685914
7744	4.573587419000	928.808173568000	203.080883446014
7776	4.730668884000	940.369969152000	198.781608311781
7808	4.687811074000	952.027316224000	203.085683530261
7840	4.726821022001	963.780608000000	203.896149973546
7872	4.806763871000	975.630237696000	202.970286013455
7904	4.838586096001	987.576598528000	204.104376554193
7936	4.924988180001	999.620083712000	202.969032041795
7968	4.953384665000	1011.761086464000	204.256514462312
8000	5.004427244000	1024.000000000000	204.618820510921
8032	5.064193394000	1036.337217536000	204.640134550137
8064	5.124017900001	1048.773132288000	204.677882231419
8096	5.184245245000	1061.308137472000	204.717965164858
8128	5.353053134000	1073.942626304000	200.622448427196
8160	5.429989317000	1086.676992000000	200.125069969819
8192	5.549556549000	1099.511627776000	198.126033687163
